624
5.66 234.08 491.58 229.64
12.02 431.45 486.85 427.99
22.86 475.54 50.53 473.43
22.86 475.54 431.58 451.47
23.83 162.64 191.17 191.82
36.68 251.22 418.40 133.59
36.68 251.22 136.83 329.45
71.34 278.54 270.41 301.45
72.28 269.62 194.48 285.67
73.01 306.51 347.88 323.90
73.01 306.51 347.88 323.90
74.80 345.59 419.79 406.21
77.09 137.74 276.12 90.92
86.25 323.81 127.59 301.34
91.36 296.18 601.83 272.60
95.12 416.65 65.09 64.72
100.89 413.44 485.31 111.56
107.83 62.34 65.09 64.72
107.41 132.98 190.46 208.36
108.61 117.78 248.56 82.19
110.40 94.79 70.17 96.93
113.89 266.56 524.90 253.35
115.66 65.79 154.09 53.36
118.33 359.60 252.19 357.27
118.30 425.07 427.81 101.58
135.76 370.52 298.53 371.44
135.83 415.46 136.83 329.45
138.60 109.43 615.94 394.69
140.73 58.87 248.52 92.78
144.97 425.94 444.35 471.55
147.05 282.94 118.01 291.30
147.05 282.94 110.58 281.08
149.06 293.27 230.83 18.72
149.06 293.27 118.01 291.30
151.37 342.67 505.06 337.49
151.37 342.67 505.06 337.49
153.16 322.78 126.29 331.74
153.30 444.13 415.17 410.86
153.34 292.82 127.59 301.34
154.86 302.30 130.72 310.94
154.86 302.30 130.72 310.94
158.05 321.98 132.18 330.84
168.83 271.82 145.60 279.68
169.16 321.50 149.45 330.02
169.16 321.50 149.45 330.02
175.79 260.05 240.10 156.35
182.19 47.82 154.09 53.36
185.61 425.45 151.99 403.95
188.14 91.12 303.12 316.75
189.84 73.88 164.83 79.21
195.96 57.11 172.14 62.12
197.38 33.99 173.06 39.38
198.08 28.80 173.32 33.83
211.12 366.29 592.42 9.78
211.82 224.99 296.98 222.75
223.85 100.95 194.13 108.01
228.59 255.05 445.97 245.35
228.64 265.93 216.25 273.49
234.64 324.72 226.53 268.95
236.21 310.57 224.29 320.24
238.21 260.74 226.53 268.95
237.86 270.66 226.15 278.47
238.25 339.89 415.73 471.61
239.16 241.45 227.11 249.00
238.70 249.09 616.49 18.98
244.71 228.06 262.29 457.59
245.83 328.49 235.46 335.80
246.69 453.63 443.96 452.39
270.34 105.17 232.15 114.08
270.34 105.17 232.15 114.08
269.95 127.51 365.21 291.25
271.66 198.92 270.11 205.98
279.16 329.79 303.12 316.75
290.53 227.91 403.26 226.24
292.79 85.75 194.51 60.72
313.81 122.85 195.48 93.50
316.45 212.98 64.98 310.64
322.94 328.73 494.22 254.57
328.15 325.13 362.79 292.22
331.75 138.96 214.17 114.14
332.02 439.22 85.85 151.70
337.34 351.38 276.12 90.92
337.07 431.12 426.84 434.12
342.02 56.77 598.09 29.90
346.42 443.24 418.51 203.37
351.70 336.46 121.87 354.52
353.44 2.89 7.73 324.88
356.65 332.61 362.76 327.20
363.80 231.06 368.11 239.24
370.94 291.61 377.54 298.22
376.89 358.83 356.69 357.11
395.89 217.40 403.26 226.24
407.36 29.37 592.42 9.78
417.43 439.76 431.20 86.64
426.89 452.08 214.19 338.11
426.89 452.08 377.35 263.52
428.73 88.58 329.40 313.46
432.17 212.81 627.03 206.50
435.59 352.78 184.97 206.86
439.83 32.44 76.48 353.94
451.60 50.74 556.08 115.90
454.22 153.65 276.12 90.92
458.40 20.60 587.47 355.40
460.30 370.22 202.25 61.21
464.49 399.75 265.18 388.31
472.47 177.99 470.09 98.68
472.62 387.85 218.90 396.04
476.72 106.92 445.12 342.75
482.35 97.90 419.14 112.77
487.14 94.03 419.14 112.77
487.14 94.03 419.14 112.77
490.02 333.80 505.06 337.49
491.93 440.05 151.99 181.35
492.97 75.19 592.42 9.78
501.16 65.52 431.20 86.64
513.44 12.47 412.95 158.68
514.23 296.04 256.50 391.30
514.70 56.04 493.72 108.47
516.93 146.63 167.70 399.29
516.98 399.17 57.78 280.64
524.11 151.74 338.36 469.80
529.85 369.92 210.38 66.11
532.77 13.08 462.09 37.21
538.01 139.23 508.02 120.96
538.39 370.29 210.38 66.11
541.12 44.93 198.99 387.02
545.93 287.48 307.51 299.50
545.92 326.09 270.41 301.45
555.46 321.96 580.84 262.53
556.67 131.73 290.96 403.27
556.41 175.78 42.63 247.13
558.56 92.61 218.90 396.04
558.87 183.87 163.14 184.04
562.30 364.02 248.56 82.19
562.65 198.89 442.35 222.09
571.18 68.85 430.10 415.06
571.89 14.99 517.24 151.88
573.30 31.95 500.47 56.90
578.57 184.34 495.01 204.88
578.47 362.86 457.56 415.85
579.25 115.59 147.85 403.90
579.48 407.13 116.19 430.93
604.68 363.64 142.49 65.61
607.07 439.54 452.29 26.44
611.65 185.67 446.20 193.06
617.49 338.30 29.24 95.27
620.52 452.12 410.35 458.46
622.98 317.48 453.38 38.93
626.92 364.41 513.33 382.31
629.11 133.26 194.48 285.67
631.95 91.07 458.80 24.20
635.27 79.70 523.82 172.02
635.27 79.70 382.23 348.30
635.65 126.50 418.40 133.59
635.62 270.01 559.64 145.75
12.68 233.99 524.23 275.24
21.52 273.12 172.55 215.75
29.94 398.41 469.01 456.99
42.83 120.14 402.35 19.99
51.48 341.76 20.97 125.39
60.71 100.91 119.42 321.42
71.29 287.92 270.41 301.45
76.21 444.04 419.84 208.22
77.28 339.83 444.35 471.55
85.76 100.31 38.87 104.46
90.18 421.17 448.87 91.08
90.69 383.07 468.60 133.71
98.70 351.57 276.12 90.92
100.61 232.66 190.46 208.36
100.61 232.66 190.46 208.36
102.63 205.69 248.56 82.19
103.84 186.94 191.17 191.82
103.84 186.94 191.17 191.82
105.65 164.48 128.11 158.83
105.65 164.48 190.46 208.36
106.92 56.08 248.56 82.19
108.28 360.78 492.07 352.28
121.88 59.48 202.25 61.21
121.88 59.48 81.90 61.80
123.33 453.94 334.70 396.56
125.76 101.82 88.64 104.96
131.48 49.17 248.56 82.19
131.95 264.62 93.62 281.05
132.68 56.46 95.47 59.02
134.57 98.55 376.83 165.04
147.27 332.04 119.42 321.42
148.01 52.15 202.25 61.21
151.87 292.79 270.86 74.64
152.73 225.62 324.13 194.14
157.55 153.34 128.11 158.83
159.49 48.98 95.47 59.02
159.76 121.24 130.01 125.72
160.67 107.38 248.56 82.19
162.05 83.09 128.11 158.83
165.09 311.98 141.77 320.48
166.39 292.07 141.51 300.68
167.84 50.89 248.52 92.78
167.94 282.35 144.89 290.60
175.26 250.63 144.78 267.15
175.45 44.46 202.25 61.21
185.30 269.69 590.92 235.30
186.62 115.45 161.99 120.71
197.55 213.61 178.03 220.34
200.52 296.31 182.04 304.13
205.69 415.07 568.26 395.86
208.53 356.31 284.93 143.27
208.49 34.64 248.56 82.19
210.99 52.14 183.77 55.21
212.06 206.09 202.72 254.23
213.21 295.91 523.34 142.08
222.30 125.23 367.00 339.53
225.02 86.72 195.48 93.50
225.97 56.92 194.51 60.72
237.87 102.08 205.74 112.40
243.92 59.13 210.38 66.11
245.23 339.46 440.00 462.98
247.17 140.52 317.70 196.83
247.93 105.10 214.17 114.14
249.01 113.19 594.01 261.48
253.57 63.41 218.18 70.93
255.78 108.92 220.60 119.26
262.56 240.68 254.86 248.26
262.77 67.70 118.97 220.47
264.61 424.19 473.81 326.83
265.92 192.85 130.01 125.72
265.92 192.85 164.69 161.19
265.91 343.88 399.42 459.26
266.96 171.42 229.75 180.12
271.19 273.73 377.54 298.22
276.28 73.47 113.33 55.47
276.55 262.29 271.52 269.60
279.51 317.34 303.12 316.75
283.27 68.55 248.56 82.19
283.27 68.55 248.56 82.19
284.81 250.12 282.01 257.26
286.55 78.09 95.47 59.02
286.55 78.09 189.35 53.32
291.12 71.96 248.56 82.19
299.69 83.93 113.33 55.47
302.10 40.46 76.19 316.69
308.57 87.84 95.47 59.02
308.57 87.84 189.35 53.32
321.46 315.83 322.27 300.18
321.62 293.54 322.27 300.18
328.69 261.07 328.62 269.83
333.90 92.00 248.56 82.19
334.09 333.27 336.40 315.16
336.03 100.10 218.18 70.93
341.01 95.22 192.26 219.14
358.36 400.69 265.18 388.31
370.43 155.23 286.35 155.12
374.36 117.78 342.49 134.77
375.15 390.63 301.15 471.81
387.45 161.58 324.68 174.96
387.45 161.58 301.31 162.16
388.72 386.35 57.46 99.42
403.50 91.94 315.19 121.02
403.10 241.80 409.65 249.67
403.10 241.80 409.65 249.67
405.08 117.71 342.49 134.77
405.27 271.81 412.98 278.97
408.97 286.22 193.18 304.20
409.83 6.05 428.80 68.69
423.30 239.57 145.60 279.68
423.70 250.94 433.26 258.78
428.62 28.92 592.42 9.78
431.01 51.25 155.51 12.54
430.96 369.67 390.22 23.02
431.95 324.96 258.30 298.95
435.33 249.61 521.29 375.96
435.24 286.59 446.63 293.11
441.52 443.75 240.60 362.06
447.05 372.96 102.11 134.66
447.05 372.96 145.71 10.76
452.86 124.97 373.07 140.22
461.57 471.06 158.24 437.53
471.69 426.91 146.07 121.18
476.65 23.80 559.16 125.96
481.41 141.50 412.95 158.68
481.41 141.50 412.95 158.68
485.90 105.25 416.24 123.40
491.34 233.01 503.06 241.61
498.59 232.74 503.06 241.61
500.21 468.37 481.93 106.97
504.82 475.76 415.73 471.61
514.50 116.96 404.38 412.44
517.17 81.49 198.36 374.19
519.25 204.41 142.49 65.61
521.50 190.17 489.16 205.38
522.58 420.55 220.43 387.82
522.58 420.55 147.85 403.90
538.72 16.19 467.33 40.69
543.93 242.22 558.02 250.44
543.93 242.22 558.02 250.44
544.47 254.38 558.79 262.13
546.02 281.35 307.51 299.50
546.39 396.27 290.30 433.69
547.55 187.64 439.91 208.19
547.80 364.36 248.56 82.19
557.12 18.44 485.14 43.61
580.38 252.95 594.01 261.48
581.32 68.67 494.23 304.26
581.13 239.85 595.39 249.08
590.74 157.65 382.23 348.30
594.68 69.71 518.57 93.77
598.44 90.34 523.16 113.49
599.31 81.76 523.82 105.54
599.31 81.76 523.82 105.54
605.98 265.78 617.27 272.36
605.53 11.82 394.65 78.46
615.66 363.29 192.26 219.14
618.35 322.27 445.12 342.75
625.07 34.83 458.80 24.20
630.83 178.95 413.46 205.75
630.83 178.95 469.78 438.81
634.96 477.97 265.64 472.35
18.68 100.57 556.08 115.90
27.84 246.19 406.83 31.18
28.66 207.37 601.83 272.60
38.75 437.68 446.20 193.06
54.28 467.61 447.15 433.94
70.38 206.13 559.72 225.58
73.49 156.09 29.24 95.27
75.25 228.83 178.03 220.34
105.08 422.54 415.73 471.61
108.07 237.17 196.83 212.40
120.73 230.67 278.46 344.57
134.68 19.86 230.83 18.72
135.81 199.10 300.15 309.80
154.48 199.71 248.56 82.19
162.02 83.59 128.11 158.83
167.45 125.07 138.04 130.53
188.15 40.94 161.55 45.95
194.38 433.01 261.63 442.31
195.97 287.84 177.86 295.07
197.36 354.69 318.09 183.46
206.43 42.68 180.10 47.63
206.43 42.68 180.10 47.63
208.04 287.11 412.98 278.97
209.05 303.59 303.09 305.24
209.05 312.02 300.15 309.80
210.23 278.09 194.48 285.67
218.58 48.12 189.35 53.32
219.13 193.70 190.75 201.20
219.43 210.81 192.26 219.14
219.63 184.45 191.17 191.82
219.63 184.45 191.17 191.82
225.06 42.61 248.56 82.19
226.51 202.80 196.83 212.40
233.58 54.55 81.90 61.80
241.39 49.73 248.56 82.19
248.79 237.02 237.78 244.98
248.79 237.02 237.78 244.98
271.60 336.78 154.28 171.73
285.36 45.66 394.65 78.46
288.15 279.58 282.91 287.31
290.45 261.86 405.78 262.15
300.55 338.33 119.44 108.55
301.58 318.99 303.24 325.46
309.00 282.36 308.81 290.37
322.09 235.49 321.53 243.38
323.67 137.83 205.74 112.40
338.37 143.43 286.35 155.12
346.55 171.99 292.93 184.01
346.55 171.99 292.93 184.01
348.44 147.73 294.43 160.46
350.02 348.35 148.45 236.34
355.90 162.14 300.40 174.07
357.16 150.12 301.31 162.16
357.16 150.12 301.31 162.16
359.58 439.91 309.82 401.67
370.21 166.28 285.54 167.21
378.08 182.97 196.83 212.40
379.48 159.73 294.43 160.46
385.47 122.23 180.10 47.63
395.45 286.05 182.04 304.13
397.19 254.62 405.78 262.15
403.57 467.94 242.51 448.20
429.87 325.23 258.30 298.95
443.99 126.60 366.37 141.98
444.61 100.39 427.81 101.58
453.17 106.75 371.88 123.82
456.07 152.75 376.83 165.04
466.05 202.94 446.20 193.06
480.00 220.47 144.78 267.15
482.87 85.79 414.82 103.45
488.82 136.54 512.89 130.68
493.38 475.39 444.35 471.55
494.83 405.60 513.51 202.16
496.22 245.60 508.96 253.72
508.68 101.45 95.16 227.95
512.07 189.94 437.59 205.09
516.30 160.27 231.07 435.14
529.97 188.45 456.83 204.59
541.52 104.55 471.32 126.52
546.10 58.18 418.83 373.50
546.77 89.96 370.64 462.10
549.53 167.29 240.60 362.06
566.30 239.79 580.17 248.47
570.68 98.08 495.14 328.78
573.79 126.22 421.58 194.98
578.33 225.68 590.92 235.30
580.83 308.97 584.96 296.46
584.85 396.02 103.88 112.35
589.41 265.67 601.83 272.60
593.21 252.99 606.59 260.78
593.49 280.44 607.57 286.17
597.84 223.54 610.46 233.06
597.84 223.54 610.46 233.06
600.59 307.07 595.92 313.95
603.94 381.07 375.91 360.85
613.40 293.49 126.20 226.16
614.19 238.09 627.10 247.85
630.57 105.34 452.29 26.44
11.21 413.93 158.27 182.40
62.18 339.19 7.73 324.88
93.71 61.39 47.45 62.15
108.25 236.61 196.83 212.40
129.41 409.09 494.23 304.26
143.70 232.36 115.13 239.82
162.46 8.77 230.83 18.72
195.06 306.61 175.76 314.15
194.30 323.31 279.37 326.38
197.54 223.01 176.99 229.96
202.48 249.07 598.92 223.65
205.62 135.60 179.44 141.51
225.01 220.13 616.99 189.99
235.18 207.19 201.81 217.98
257.09 216.71 61.36 349.34
257.09 216.71 176.99 229.96
266.57 205.56 190.46 208.36
279.59 393.99 207.06 264.42
283.87 302.05 279.62 309.95
284.15 416.78 80.03 415.51
295.02 418.92 289.95 309.61
301.15 301.02 300.15 309.80
305.68 116.41 260.58 126.73
304.55 210.94 594.73 192.09
350.69 422.62 599.39 333.89
361.49 273.98 365.21 291.25
375.52 421.28 370.64 462.10
376.14 231.53 380.83 239.77
389.60 276.67 177.86 295.07
397.03 354.73 527.53 353.40
397.03 354.73 297.40 151.51
409.25 295.77 416.55 303.71
418.38 227.34 598.92 223.65
436.20 173.38 594.01 261.48
458.18 165.64 597.21 413.81
479.75 220.26 144.78 267.15
483.07 117.44 371.88 123.82
489.44 209.32 501.48 219.11
492.51 64.16 424.54 83.30
510.60 189.35 437.59 205.09
513.20 7.53 444.64 31.18
530.09 264.85 412.98 278.97
530.62 204.88 501.48 219.11
554.24 168.71 418.51 203.37
562.87 322.84 118.01 291.30
565.24 211.87 270.11 205.98
566.91 294.65 119.42 321.42
582.17 147.88 509.75 166.58
589.67 70.80 513.67 94.85
598.03 223.48 610.46 233.06
598.03 223.48 610.46 233.06
608.05 163.03 178.03 220.34
609.30 237.35 627.10 247.85
620.08 372.55 276.12 90.92
630.40 145.62 276.29 92.91
62.42 269.10 550.79 340.61
72.96 132.01 196.83 212.40
77.01 250.17 16.90 460.46
77.01 250.17 38.39 153.53
83.90 151.56 250.49 212.30
83.90 151.56 250.49 212.30
85.18 408.31 491.52 97.25
85.18 408.31 430.10 415.06
85.18 408.31 376.26 387.26
99.30 96.72 57.46 99.42
119.70 144.10 501.48 219.11
129.31 183.18 94.26 190.79
154.01 242.33 136.05 251.71
173.05 373.62 386.10 363.19
183.44 216.72 161.59 224.00
192.72 342.23 278.46 344.57
218.86 286.17 308.81 290.37
242.91 190.62 210.16 199.16
242.91 190.62 210.16 199.16
254.57 431.18 7.73 324.88
271.71 285.44 266.23 293.01
270.87 305.76 266.45 313.44
274.01 242.56 380.83 239.77
279.39 173.71 239.95 182.23
280.16 146.87 240.10 156.35
289.88 163.37 247.17 172.52
289.88 163.37 247.17 172.52
293.36 202.16 581.07 182.68
320.28 464.23 145.71 10.76
335.46 177.68 441.07 402.03
336.48 421.62 581.37 412.28
360.87 309.73 365.21 291.25
367.57 143.48 311.01 157.21
387.92 296.12 279.62 309.95
388.32 321.07 279.37 326.38
388.39 340.52 526.09 341.98
397.38 155.66 311.01 157.21
425.21 385.00 506.35 138.29
434.12 126.88 358.61 141.28
447.60 407.44 313.41 469.34
448.34 118.12 369.34 134.33
479.66 269.84 365.21 291.25
479.55 279.59 365.21 291.25
481.17 153.68 615.30 425.16
495.75 221.16 425.74 235.88
496.63 273.92 266.23 293.01
507.20 188.84 50.27 386.70
510.29 322.58 300.15 309.80
511.32 343.05 109.08 103.72
520.93 184.09 446.39 203.15
520.93 184.09 446.39 203.15
562.84 135.09 506.35 138.29
567.35 179.53 486.33 199.39
566.34 352.85 121.87 354.52
586.41 353.08 409.01 10.10
591.74 131.23 517.24 151.88
592.68 83.41 615.30 425.16
605.80 72.79 141.51 300.68
615.64 64.25 94.26 190.79
615.64 64.25 453.38 38.93
44.46 351.42 427.81 101.58
131.23 89.91 598.92 223.65
143.36 69.01 142.49 65.61
147.31 85.17 116.58 88.77
166.71 225.98 521.29 375.96
170.84 61.23 142.49 65.61
170.84 61.23 142.49 65.61
169.95 204.26 607.57 286.17
173.63 118.67 146.07 121.18
172.75 150.00 145.41 158.05
176.72 79.51 149.08 86.06
176.75 240.61 328.05 232.73
180.16 329.19 184.97 206.86
191.18 253.33 170.13 263.67
206.19 152.56 180.02 158.27
210.12 81.49 183.23 86.59
209.32 120.10 184.06 124.84
252.13 97.06 218.67 106.22
279.93 146.05 240.10 156.35
281.32 110.49 116.58 88.77
285.88 92.78 142.49 65.61
285.88 92.78 142.49 65.61
303.61 186.41 117.40 192.72
305.69 154.67 260.59 166.07
316.81 171.21 268.91 182.50
325.51 256.15 221.89 283.84
329.64 222.88 328.05 232.73
334.05 130.48 284.93 143.27
350.88 138.70 297.40 151.51
363.65 220.33 253.32 238.18
381.78 150.92 321.86 164.88
415.49 169.55 346.04 179.37
420.09 282.64 308.81 290.37
448.00 367.87 219.98 366.09
504.52 33.34 434.96 54.83
587.45 214.60 507.44 231.33
597.72 150.06 523.82 172.02
10.76 409.28 105.19 209.14
176.40 80.60 149.08 86.06
188.34 132.18 163.50 137.48
188.34 132.18 163.50 137.48
192.52 56.91 142.49 65.61
192.52 56.91 142.49 65.61
411.97 214.31 198.93 413.76
423.69 350.64 206.16 350.35
448.35 368.07 219.98 366.09
464.05 188.25 469.78 438.81
497.86 86.51 427.81 101.58
509.47 53.91 440.19 74.91
567.22 464.51 549.10 456.92
590.06 216.41 136.91 118.06
125.35 291.65 92.31 299.21
138.64 264.34 101.89 275.77
200.36 310.60 184.87 319.79
200.36 310.60 184.87 319.79
242.84 169.26 211.32 177.38
274.59 184.32 342.49 134.77
287.34 253.44 282.58 260.84
345.11 246.29 346.68 257.46
345.11 246.29 346.68 257.46
432.43 26.23 527.27 56.25
461.63 343.05 234.37 355.56
463.38 239.38 196.83 212.40
489.35 162.60 415.17 410.86
37.89 265.25 421.70 349.68
53.01 236.99 428.08 350.34
93.82 277.99 197.43 364.06
97.80 76.34 51.05 77.80
214.00 99.80 188.31 102.09
243.61 138.94 210.41 144.04
303.74 97.27 192.26 219.14
344.95 249.08 346.68 257.46
344.95 249.08 346.68 257.46
466.17 138.89 393.70 153.50
573.02 382.11 375.91 360.85
589.14 191.93 513.51 202.16
619.46 336.86 148.45 236.34
64.47 112.93 523.34 142.08
159.83 332.66 136.83 329.45
159.83 332.66 235.30 329.55
216.44 177.42 191.48 182.92
246.05 310.94 347.88 323.90
274.71 430.94 525.41 413.67
290.04 131.28 249.06 140.04
293.37 301.40 289.95 309.61
507.79 390.27 240.60 362.06
178.74 392.59 549.10 456.92
189.31 53.46 102.00 291.98
343.51 321.31 347.88 323.90
396.70 300.58 184.87 319.79
520.81 301.06 403.43 307.39
398.02 94.69 324.12 112.88
460.78 328.22 473.81 326.83
460.78 328.22 347.88 323.90
537.99 76.31 470.09 98.68
