901
5.14 211.30 629.18 82.85
9.62 285.57 271.55 471.06
10.99 136.10 9.67 119.03
11.92 260.93 271.55 471.06
19.61 390.71 21.45 381.47
29.65 452.92 32.69 331.02
31.78 174.61 540.27 109.86
33.67 406.90 36.12 397.56
33.74 439.09 35.99 316.84
36.84 262.42 204.36 115.02
39.01 293.68 37.01 284.59
45.34 65.72 35.48 57.72
46.70 57.95 36.62 49.89
49.02 71.61 39.07 64.22
49.02 71.61 39.07 64.22
49.31 82.25 39.54 74.09
55.52 235.32 52.56 226.44
55.59 471.34 62.57 460.45
59.85 380.05 62.79 369.72
59.85 380.05 62.79 369.72
65.44 248.62 63.54 239.69
76.51 377.21 62.59 261.26
83.17 31.92 73.30 23.32
83.17 31.92 73.30 23.32
85.41 298.23 85.39 290.49
84.87 421.62 447.86 28.19
87.19 291.04 87.19 282.23
90.24 36.88 81.21 29.04
90.43 188.02 86.39 179.35
91.43 396.35 236.58 202.48
96.97 21.73 86.40 13.14
96.87 271.99 95.77 262.16
96.71 279.97 95.77 270.03
96.71 279.97 95.77 270.03
102.53 449.20 107.90 437.14
104.07 382.01 145.05 393.54
105.86 21.28 95.36 12.66
105.79 107.83 583.37 358.29
105.77 289.75 105.42 280.09
107.78 334.05 109.28 323.26
108.96 187.35 481.60 365.09
111.03 88.02 481.60 365.09
110.79 448.81 116.74 435.99
112.74 395.63 115.77 383.78
115.66 21.07 105.20 12.20
118.04 334.37 118.92 323.39
118.85 289.60 118.06 279.83
118.85 289.60 118.06 279.83
121.17 112.01 188.87 170.03
124.42 189.43 120.62 179.75
124.82 20.65 114.38 11.92
131.18 51.58 122.80 43.05
131.45 78.40 423.16 56.49
135.56 23.45 125.03 14.28
136.25 210.28 506.41 206.00
137.76 376.48 56.62 421.18
138.11 395.71 460.36 254.92
138.11 395.71 138.92 275.42
139.46 268.10 138.47 257.67
139.36 33.59 414.05 132.31
140.00 286.18 138.92 275.42
140.00 286.18 138.92 275.42
141.10 189.50 137.45 180.91
141.04 273.29 470.91 347.00
143.18 42.67 138.50 35.93
144.44 87.39 138.92 275.42
144.44 87.39 138.92 275.42
145.85 185.91 137.95 175.57
148.87 382.53 477.33 248.92
148.73 391.36 147.96 271.79
148.73 391.36 147.96 271.79
149.28 431.15 568.91 187.43
150.09 292.98 497.62 59.19
153.74 231.45 150.09 221.06
157.43 327.29 157.38 315.20
157.43 327.29 157.38 315.20
161.47 32.38 149.72 22.97
168.39 317.00 167.38 305.53
173.25 286.50 171.16 275.05
173.68 303.94 172.32 291.80
173.75 311.09 172.37 299.10
175.43 445.72 178.50 431.48
185.45 232.91 181.05 222.32
185.45 232.91 181.05 222.32
191.60 239.84 188.08 229.45
196.91 462.97 441.59 429.71
200.11 66.28 56.50 26.09
206.97 167.41 121.47 309.40
212.16 172.27 205.83 160.01
211.89 181.67 205.85 170.08
214.14 104.54 311.25 100.37
215.32 462.55 218.01 446.88
226.51 60.57 212.81 50.73
230.59 440.05 232.00 424.54
234.82 411.06 230.45 397.45
234.82 411.06 230.45 397.45
234.48 430.83 230.47 412.98
239.41 436.50 143.91 168.72
243.97 411.06 481.60 365.09
246.04 214.46 236.58 202.48
249.27 42.61 340.20 27.82
252.98 340.59 250.96 326.73
255.74 451.15 257.04 435.11
258.90 132.00 551.21 361.30
261.19 340.55 259.15 326.56
261.58 59.44 247.86 49.14
271.46 214.52 99.48 157.46
287.95 215.52 279.98 203.24
288.12 225.80 151.92 277.54
288.60 376.91 329.61 376.84
295.29 46.56 281.77 35.95
295.88 436.56 375.91 286.52
306.96 367.44 304.54 351.62
310.47 162.43 300.01 151.20
324.52 7.10 616.85 72.42
331.14 57.16 316.34 46.13
333.56 402.63 320.01 417.24
333.56 402.63 300.30 419.86
337.21 408.14 333.45 390.93
342.59 210.74 332.45 197.66
342.97 307.95 477.33 248.92
347.00 115.27 238.54 112.84
347.00 115.27 334.00 106.18
347.52 120.53 238.54 112.84
351.92 401.81 149.72 22.97
353.96 336.69 358.55 426.81
356.43 202.97 210.37 164.42
359.71 445.94 358.55 426.81
362.60 336.19 358.28 319.78
363.50 431.59 358.68 413.33
368.16 462.44 362.01 442.75
369.07 55.75 353.59 44.58
370.73 307.15 95.77 270.03
370.73 307.15 95.77 270.03
376.09 405.86 333.45 390.93
380.57 430.80 376.57 411.50
386.03 301.93 375.91 286.52
388.28 83.48 375.02 73.56
387.68 408.11 343.63 389.88
388.69 77.43 375.02 73.56
394.15 61.03 381.44 50.11
395.66 127.22 150.09 221.06
399.94 378.00 377.14 180.90
400.86 422.49 516.39 281.94
401.22 431.03 395.95 410.19
412.36 216.35 361.36 37.82
416.81 19.58 402.32 8.63
417.50 224.33 52.56 226.44
418.65 308.88 253.00 44.52
422.39 107.04 65.25 106.64
423.45 16.07 304.72 127.51
424.51 365.14 420.04 346.32
425.60 453.32 422.81 432.01
428.24 171.96 393.00 296.67
432.12 311.83 56.62 421.18
433.85 272.69 357.60 279.96
433.85 272.69 144.31 304.28
436.08 473.16 434.35 450.80
439.01 230.41 431.03 215.41
444.69 275.23 437.58 258.58
444.69 275.23 437.58 258.58
447.53 384.71 442.26 364.99
447.53 384.71 442.26 364.99
449.86 9.88 95.36 12.66
451.70 162.59 267.47 37.49
451.61 451.31 441.59 429.71
452.72 178.41 443.00 164.28
453.79 191.57 444.46 177.08
453.61 383.55 449.04 363.72
456.52 394.05 234.50 88.69
458.45 223.97 449.87 208.70
458.93 449.88 37.01 284.59
460.53 99.74 552.56 95.70
465.99 158.16 95.77 262.16
468.23 9.50 114.38 11.92
467.94 271.86 460.36 254.92
467.94 271.86 460.36 254.92
470.30 99.61 457.71 86.96
469.76 378.25 234.50 88.69
476.40 397.01 344.76 38.48
478.52 98.90 465.34 86.08
479.00 194.24 213.85 73.53
479.80 114.91 581.10 107.58
479.37 214.21 469.18 199.77
484.30 157.19 588.89 149.46
484.67 305.58 500.73 358.80
484.82 414.93 269.84 206.10
486.10 265.96 477.33 248.92
486.10 265.96 477.33 248.92
488.75 99.96 475.51 86.70
494.63 204.87 166.01 124.66
495.66 214.58 486.77 199.36
502.35 318.77 485.92 300.66
506.74 202.58 619.50 288.55
508.54 157.44 496.40 143.25
507.62 379.81 500.73 358.80
507.62 379.81 500.73 358.80
511.37 152.69 498.48 138.04
516.24 60.10 499.88 47.60
517.53 411.55 237.91 222.31
517.68 222.11 506.41 206.00
523.43 304.78 256.77 31.82
528.91 362.11 521.25 341.19
528.91 362.11 521.25 341.19
533.19 237.83 521.35 218.42
539.54 323.43 44.50 314.30
540.39 161.32 205.83 160.01
539.99 202.83 554.89 388.69
539.89 290.25 306.45 388.91
552.97 464.78 545.63 439.49
552.97 464.78 545.63 439.49
559.96 373.21 549.99 351.23
560.98 383.14 551.21 361.30
564.18 317.08 549.99 351.23
564.77 412.90 554.89 388.69
571.38 202.44 557.06 188.06
575.38 67.57 238.54 112.84
575.38 67.57 238.54 112.84
579.09 263.31 551.19 150.64
578.62 438.85 569.82 413.86
580.51 103.98 508.30 54.75
581.59 67.56 563.32 54.38
597.41 228.91 581.79 210.79
599.64 202.14 584.16 187.30
607.78 171.24 147.96 271.79
607.92 321.38 613.09 405.53
609.59 411.23 619.40 452.00
611.00 431.40 600.11 406.11
612.44 88.88 593.19 75.01
613.72 440.66 306.45 388.91
615.11 358.97 602.29 336.15
615.44 364.71 602.69 341.91
617.21 431.06 605.79 405.73
625.01 431.19 613.09 405.53
627.38 100.06 341.88 464.71
628.64 47.36 567.08 431.04
633.04 70.67 612.05 56.85
635.13 430.38 630.80 403.82
14.80 119.65 629.18 82.85
17.94 126.98 9.67 119.03
22.64 117.16 13.36 109.18
26.78 107.73 13.36 109.18
30.95 424.19 33.93 414.05
32.49 339.72 32.69 331.02
41.65 245.89 38.73 236.65
46.36 417.05 49.22 406.89
56.77 245.73 421.47 217.94
56.77 245.73 54.03 237.07
66.78 95.25 57.97 87.00
71.60 56.37 63.21 48.21
82.35 113.16 75.82 105.59
82.32 378.02 431.38 349.84
84.13 69.84 76.23 61.19
87.59 46.78 78.65 38.55
87.59 46.78 78.65 38.55
94.47 297.33 311.25 100.37
98.06 424.94 427.25 105.75
98.01 433.64 509.83 149.94
98.87 238.90 96.98 229.25
99.86 112.06 447.24 86.78
101.39 284.65 100.74 274.75
104.58 166.23 99.48 157.46
109.47 238.30 107.24 229.04
113.85 317.53 113.75 305.93
114.93 296.10 113.60 288.39
117.32 227.73 115.10 217.93
117.40 437.23 122.32 424.54
117.40 437.23 122.32 424.54
118.02 187.83 113.62 178.74
119.43 67.94 111.32 59.14
126.60 128.60 581.10 107.58
130.31 468.86 136.36 455.48
136.97 46.04 128.46 37.19
146.01 73.16 137.84 64.32
147.20 129.31 142.83 120.20
150.09 82.63 140.90 73.32
152.68 397.02 151.92 277.54
152.68 397.02 151.92 277.54
153.10 468.94 157.70 454.90
153.80 288.54 151.92 277.54
153.80 288.54 151.92 277.54
158.43 437.98 157.38 315.20
163.47 50.22 153.41 40.69
165.75 438.41 166.75 315.18
167.37 327.30 166.75 315.18
171.90 105.26 163.49 96.50
175.50 68.50 165.84 59.09
177.59 147.13 69.50 143.71
179.17 25.20 164.84 13.53
178.77 201.66 173.78 190.28
188.05 128.36 180.52 118.56
188.05 128.36 180.52 118.56
190.18 462.06 192.96 447.28
191.41 44.19 177.26 35.46
194.93 179.87 188.87 170.03
195.04 313.96 193.01 301.94
205.86 189.84 200.55 179.99
207.51 161.18 201.71 150.33
214.66 449.22 216.99 434.16
218.30 254.55 214.30 242.63
217.74 475.22 221.20 459.32
221.18 468.70 618.05 277.25
221.90 200.02 223.25 376.01
235.41 239.95 235.29 328.42
237.01 41.67 222.98 31.52
236.88 342.24 235.29 328.42
238.41 307.48 232.03 294.49
239.45 452.09 235.29 328.42
250.18 123.03 238.54 112.84
250.18 123.03 238.54 112.84
260.56 205.66 258.82 285.70
274.09 305.92 267.50 292.21
274.09 305.92 267.50 292.21
277.36 340.65 274.66 325.44
278.57 123.10 212.38 472.17
285.07 410.48 281.34 396.88
286.69 34.92 271.60 24.36
306.06 95.01 294.19 83.84
305.54 471.80 306.53 453.15
307.60 405.54 306.45 388.91
311.11 117.32 610.75 282.49
320.19 38.87 305.06 27.99
325.07 52.87 207.41 46.46
331.71 236.01 324.77 221.73
336.64 338.10 332.82 322.09
338.15 303.55 330.24 288.49
338.15 303.55 99.89 173.45
338.15 303.55 330.24 288.49
342.96 38.15 327.48 27.13
348.68 395.17 342.86 377.81
352.44 22.44 344.76 38.48
354.77 120.95 340.56 110.32
355.64 38.87 340.20 27.82
356.07 296.94 347.56 281.72
356.07 296.94 347.56 281.72
359.07 216.38 143.91 168.72
360.57 6.81 49.22 406.89
367.19 22.14 344.76 38.48
369.50 141.63 361.42 129.59
373.57 129.68 362.20 117.45
374.84 302.14 365.32 286.43
381.36 308.36 370.95 291.00
380.51 337.71 375.61 320.86
385.55 392.96 342.86 377.81
386.61 445.07 384.60 425.10
389.14 146.15 304.72 127.51
393.57 248.19 386.05 233.19
400.55 351.85 395.57 334.10
407.14 461.11 405.35 440.03
409.23 204.72 493.99 212.88
415.04 82.33 402.57 70.32
416.04 182.32 406.11 168.58
420.01 73.23 407.12 61.51
423.02 63.69 410.75 51.88
423.57 178.07 413.30 164.88
433.97 157.62 424.19 143.63
435.16 68.85 423.16 56.49
435.16 68.85 423.16 56.49
439.10 386.51 434.40 366.83
442.78 257.77 435.20 241.69
442.82 324.77 436.97 306.96
444.75 451.31 441.59 429.71
448.99 56.87 436.06 45.17
451.75 365.47 447.84 345.53
459.21 176.09 448.23 161.53
464.52 455.45 462.47 432.75
470.67 153.63 99.48 157.46
476.68 452.56 473.67 429.38
480.39 254.24 100.16 257.49
480.39 254.24 471.32 237.59
480.39 254.24 471.32 237.59
481.65 26.83 466.68 15.10
490.15 362.85 484.13 342.51
494.90 34.94 480.11 23.32
501.64 158.97 489.63 144.23
513.42 53.23 497.62 41.39
513.31 463.70 509.32 439.42
519.34 235.14 619.44 164.36
520.38 163.83 507.42 150.34
521.90 178.18 459.96 181.47
527.58 433.45 521.93 410.03
539.22 452.43 136.36 455.48
546.16 334.33 535.99 313.71
547.29 265.91 535.16 247.80
554.22 68.36 536.45 55.48
557.81 332.00 306.45 388.91
564.87 365.42 556.19 344.75
567.60 67.76 549.60 54.74
582.80 364.11 571.72 342.43
589.56 241.58 581.79 210.79
590.24 300.63 327.56 100.33
590.24 300.63 281.34 396.88
590.27 475.24 581.39 449.23
593.20 387.60 337.95 281.06
593.76 324.06 590.81 408.16
595.14 67.08 575.90 53.75
596.56 108.67 578.89 94.81
603.35 67.10 584.12 53.64
603.51 433.25 590.81 408.16
606.69 120.76 581.10 107.58
608.78 109.09 590.06 94.57
609.25 363.08 596.53 340.36
610.20 380.69 597.79 357.12
614.05 415.91 602.84 391.60
620.88 413.52 609.07 388.46
625.30 69.04 604.89 55.43
624.97 179.83 607.61 164.47
632.95 214.23 615.65 196.48
634.59 309.88 619.50 288.55
635.19 256.12 223.25 376.01
15.42 438.25 18.56 428.30
23.19 379.23 23.99 370.23
23.19 379.23 23.99 370.23
23.19 379.23 23.99 370.23
23.88 410.18 26.06 401.09
24.82 92.52 245.29 213.46
25.03 432.18 28.72 422.53
32.91 79.72 23.10 71.45
61.19 216.20 56.73 208.10
64.08 190.78 397.51 308.95
71.28 215.97 68.60 207.52
72.40 113.58 65.25 106.64
75.54 24.22 63.90 15.82
75.54 24.22 63.90 15.82
83.01 175.33 78.11 167.17
84.41 452.44 90.40 440.60
86.08 317.74 86.45 307.86
92.24 68.98 84.12 60.49
97.53 112.00 447.24 86.78
99.06 76.56 91.10 67.91
98.72 377.77 101.71 366.56
101.43 267.33 100.16 257.49
101.43 267.33 100.16 257.49
104.11 182.52 99.89 173.45
104.11 182.52 99.89 173.45
104.11 182.52 99.89 173.45
106.38 412.29 111.88 401.48
106.89 68.92 98.51 60.22
106.89 68.92 98.51 60.22
106.58 83.66 98.62 74.95
106.58 83.66 98.62 74.95
113.77 76.00 105.64 67.24
120.75 320.25 121.47 309.40
122.80 473.06 128.19 460.25
130.98 118.87 125.21 110.01
136.88 97.56 130.09 90.94
142.13 27.31 131.40 18.02
142.13 27.31 131.40 18.02
142.87 168.09 138.01 159.19
149.22 30.22 138.43 20.83
148.95 115.01 578.89 94.81
148.95 115.01 142.56 106.94
149.40 178.49 143.91 168.72
148.72 216.92 141.75 205.89
151.62 242.82 149.02 232.28
156.68 77.39 147.47 68.09
155.87 271.97 153.31 261.08
163.88 386.50 164.90 373.88
168.78 367.00 58.09 284.84
177.02 162.49 282.69 151.88
178.51 229.10 173.45 218.06
183.59 137.08 176.90 126.93
191.96 281.14 189.45 269.45
191.90 376.69 189.45 269.45
203.95 48.58 190.53 38.68
205.55 136.84 199.20 126.93
207.67 443.59 210.13 428.14
210.06 468.29 213.61 452.74
210.06 468.29 213.61 452.74
214.97 366.40 214.56 352.64
214.97 366.40 214.56 352.64
215.53 262.40 211.54 250.37
217.04 42.15 202.93 32.38
220.31 359.22 219.45 345.47
225.31 425.74 230.47 412.98
225.73 307.80 219.08 287.14
226.44 135.22 107.19 15.48
228.36 207.05 229.59 383.17
236.13 200.51 226.30 189.46
239.79 406.02 236.53 391.24
239.79 406.02 236.53 391.24
244.56 300.04 238.47 287.01
254.13 224.81 245.29 213.46
258.09 395.91 254.59 380.82
263.73 219.92 254.58 207.84
265.62 299.32 258.82 285.70
273.84 292.15 266.95 278.56
276.99 404.64 273.17 388.72
281.94 298.86 274.93 284.89
284.10 395.31 280.03 379.14
290.27 225.72 282.39 212.40
290.13 304.84 284.55 290.07
301.41 223.58 302.05 309.63
301.41 223.58 302.05 309.63
303.06 35.17 288.40 22.36
303.06 35.17 422.68 75.31
305.39 324.76 302.05 309.63
305.39 324.76 302.05 309.63
321.48 472.10 322.06 452.98
323.15 109.28 311.25 100.37
325.60 217.24 315.35 204.18
329.75 296.64 322.02 281.83
338.06 289.51 266.95 278.56
338.60 121.32 326.64 110.54
341.51 217.09 331.02 203.90
343.79 192.64 332.66 179.96
346.39 296.18 337.95 281.06
349.31 98.38 334.42 87.42
358.29 146.61 350.75 134.25
361.01 155.18 95.87 280.56
366.31 295.48 357.60 279.96
372.91 129.58 362.20 117.45
381.19 400.23 374.18 380.97
389.36 56.07 377.22 44.56
397.71 255.07 390.11 239.87
397.71 255.07 390.11 239.87
404.88 342.43 399.86 325.45
405.70 358.54 400.77 340.58
405.70 358.54 400.77 340.58
408.56 111.53 397.38 99.10
412.26 453.88 409.90 432.50
412.99 68.72 400.23 57.02
428.15 262.65 420.56 246.48
428.15 262.65 431.38 349.84
429.56 233.03 421.47 217.94
429.56 329.33 423.32 310.88
431.06 36.85 418.82 25.57
436.46 268.82 428.49 252.45
436.64 368.85 431.38 349.84
452.44 255.40 444.84 239.32
452.44 255.40 444.84 239.32
455.11 64.33 441.81 52.46
461.50 57.07 448.05 45.26
461.50 57.07 448.05 45.26
462.92 71.49 449.66 59.39
462.92 71.49 449.66 59.39
467.55 436.84 502.46 412.82
470.04 63.91 456.73 51.88
472.05 169.64 461.14 155.18
472.05 169.64 99.89 173.45
471.47 225.78 463.00 210.08
475.70 55.91 461.97 44.00
476.40 233.51 477.13 218.15
481.65 271.25 473.07 254.11
484.80 233.92 477.13 218.15
487.02 225.18 477.17 209.15
501.62 29.22 485.56 16.71
503.19 80.90 488.37 67.44
506.68 436.19 502.46 412.82
506.10 165.61 493.10 151.15
510.03 473.25 93.84 15.89
523.41 162.95 509.83 149.94
524.44 67.35 508.30 54.75
527.04 434.88 521.93 410.03
563.18 75.22 545.27 62.01
566.18 453.09 557.92 427.98
566.65 464.08 558.47 438.72
584.20 385.72 573.83 362.76
590.43 74.48 571.36 61.00
595.03 404.11 549.99 351.23
602.46 371.41 589.69 348.89
602.46 371.41 589.69 348.89
605.60 281.24 112.68 447.71
629.25 59.70 608.87 46.04
15.76 168.99 9.73 161.17
15.76 168.99 9.73 161.17
18.29 450.11 23.09 440.65
36.67 223.32 32.68 215.37
41.90 437.55 45.34 427.14
47.25 54.33 36.79 46.47
58.12 318.16 57.92 308.11
58.12 318.16 57.92 308.11
63.96 174.87 58.96 165.91
66.41 80.09 57.75 71.34
72.23 182.94 67.96 174.68
81.53 208.23 78.36 198.57
83.87 267.37 83.07 257.75
83.87 267.37 83.07 257.75
87.66 315.83 86.45 307.86
92.33 275.83 91.40 266.05
94.82 173.93 90.09 165.06
94.03 212.34 90.55 204.78
104.13 24.62 93.84 15.89
108.69 413.27 111.88 401.48
110.60 275.06 109.40 265.05
112.37 299.61 112.47 289.82
114.14 173.18 109.50 164.00
126.12 373.79 129.05 361.74
139.05 328.21 139.54 316.96
144.79 386.43 144.61 267.22
147.54 98.48 139.30 89.29
146.78 278.06 144.61 267.22
165.72 324.29 164.71 312.36
165.49 401.72 167.13 388.07
165.71 417.13 165.35 296.46
164.90 434.39 164.71 312.36
167.43 83.73 158.44 74.27
166.89 279.27 164.45 268.10
172.76 134.60 166.01 124.66
176.75 162.94 509.32 439.42
176.75 162.94 282.69 151.88
214.94 334.02 210.59 217.89
215.08 348.96 214.01 336.42
226.38 237.77 231.97 435.63
243.31 234.92 237.91 222.31
245.79 315.75 240.03 302.63
247.40 99.14 234.50 88.69
254.21 52.61 344.76 38.48
254.21 52.61 239.81 42.14
254.79 306.82 247.97 293.06
254.79 306.82 247.97 293.06
265.75 235.62 260.32 223.19
265.75 235.62 260.32 223.19
265.83 314.92 259.59 301.12
269.40 52.23 255.95 41.82
269.40 52.23 255.95 41.82
269.26 396.20 265.40 380.73
273.83 291.53 266.95 278.56
277.73 432.44 375.02 407.79
282.54 236.52 276.82 223.48
284.42 46.91 272.19 36.58
285.81 339.91 283.29 324.94
291.20 384.90 288.87 369.95
293.85 326.44 300.30 419.86
293.85 326.44 287.94 310.30
299.22 436.29 300.30 419.86
299.22 436.29 300.30 419.86
305.72 338.67 302.73 324.72
305.72 338.67 302.73 324.72
314.61 224.36 313.34 310.60
321.96 235.10 315.62 222.67
320.83 304.18 314.96 289.38
321.69 472.69 633.90 236.20
326.84 337.86 323.32 322.18
334.11 393.08 329.61 376.84
338.99 49.64 220.41 42.58
338.99 49.64 344.76 38.48
342.46 402.63 337.65 384.75
342.46 402.63 337.65 384.75
347.08 311.72 339.19 296.57
356.39 303.48 348.03 288.47
356.39 303.48 348.03 288.47
360.56 49.87 344.76 38.48
360.56 49.87 344.76 38.48
366.78 311.20 358.57 295.46
394.13 222.96 384.68 208.07
394.13 222.96 384.68 208.07
397.63 238.16 389.39 222.32
402.66 75.15 390.21 63.56
403.22 326.20 397.51 308.95
404.80 155.22 505.26 403.85
410.39 435.09 407.41 414.80
410.02 469.98 408.75 448.12
423.65 162.60 412.44 149.66
425.59 103.07 413.73 90.17
427.96 262.81 420.56 246.48
428.97 250.52 421.52 234.71
437.50 89.21 425.37 76.74
443.01 152.72 143.91 168.72
447.28 316.69 441.10 298.81
452.56 255.88 444.84 239.32
452.56 255.88 444.84 239.32
454.59 408.22 386.83 293.44
461.64 161.12 90.09 165.06
472.20 262.02 463.86 245.33
482.23 159.83 109.50 164.00
482.13 177.99 471.34 163.49
489.96 261.52 481.11 244.53
493.54 299.27 485.46 281.08
499.98 370.60 494.15 349.90
502.34 65.60 486.81 52.23
503.27 283.24 477.13 218.15
505.54 165.99 493.10 151.15
513.06 71.89 497.62 59.19
514.39 304.40 505.94 286.08
517.21 197.95 504.91 182.62
520.79 357.84 513.67 337.53
523.45 277.87 513.28 258.60
522.50 369.32 515.34 348.50
527.62 459.28 522.79 435.01
555.44 261.46 543.30 243.54
560.78 251.36 547.46 233.13
566.52 366.88 556.94 345.38
566.52 366.88 556.94 345.38
566.46 463.96 558.47 438.72
569.92 169.48 555.39 153.11
569.92 169.48 157.93 113.17
572.82 277.44 559.54 257.06
586.91 177.52 570.56 161.30
607.72 266.17 497.62 59.19
617.32 302.53 56.85 374.81
41.54 392.65 43.47 383.07
46.16 285.81 44.26 278.19
45.18 323.94 44.50 314.30
53.79 431.18 56.62 421.18
54.88 384.51 56.85 374.81
55.02 402.60 58.09 284.84
59.97 147.50 467.39 117.17
58.77 276.57 57.11 267.74
60.22 147.43 467.39 117.17
67.65 34.15 56.50 26.09
67.56 389.84 70.85 379.73
66.17 432.44 70.18 422.17
79.42 73.75 71.45 65.13
84.98 397.61 317.11 271.27
92.01 13.10 48.97 59.83
93.69 194.58 89.59 185.60
117.69 24.06 107.19 15.48
117.69 24.06 107.19 15.48
129.77 199.37 125.62 187.81
129.77 199.37 125.62 187.81
139.60 439.95 139.54 316.96
144.41 314.78 144.31 304.28
145.97 198.26 141.33 189.38
166.97 308.41 165.35 296.46
168.15 177.68 161.97 166.50
215.17 177.71 210.37 164.42
215.18 230.26 210.59 217.89
216.74 443.36 219.32 427.44
217.87 53.51 204.06 43.57
217.87 53.51 204.06 43.57
227.80 340.36 231.97 435.63
229.91 451.42 231.97 435.63
233.74 53.14 220.41 42.58
233.74 53.14 344.76 38.48
240.60 136.95 233.05 125.57
240.60 136.95 233.05 125.57
245.22 338.36 341.90 319.13
247.93 446.64 249.22 430.66
250.08 217.45 240.50 206.40
259.64 432.59 255.30 416.22
272.03 445.65 272.89 429.30
282.95 113.19 212.38 472.17
286.62 288.53 281.00 274.65
286.85 367.10 284.51 351.07
289.98 448.57 290.45 430.87
319.19 324.37 313.34 310.60
321.72 50.50 307.47 39.29
321.72 50.50 307.47 39.29
321.58 434.77 320.01 417.24
323.00 286.41 317.11 271.27
324.75 383.90 322.42 365.69
331.35 446.75 330.98 428.29
340.90 233.62 333.87 219.84
343.88 429.05 338.73 413.14
345.88 335.34 341.90 319.13
345.88 335.34 341.90 319.13
350.90 443.07 349.99 424.34
364.51 231.25 356.96 217.07
370.78 334.46 366.07 317.81
377.74 49.48 361.36 37.82
377.74 49.48 361.36 37.82
376.76 441.83 374.88 422.49
383.53 232.57 375.65 217.63
390.56 334.83 385.09 317.48
396.92 443.84 394.62 423.74
447.01 13.04 107.19 15.48
447.52 468.80 265.83 431.24
450.02 223.83 442.93 208.69
461.20 46.28 447.69 34.58
462.73 180.92 452.52 165.75
464.87 12.71 107.19 15.48
475.35 207.00 465.58 193.07
476.85 461.29 474.65 438.34
488.43 59.91 474.24 47.62
503.48 392.80 145.05 393.54
516.70 106.38 501.69 92.88
523.15 259.64 512.53 241.93
525.62 299.66 516.39 281.94
529.86 150.03 515.90 134.65
534.57 366.57 526.05 345.18
583.27 428.70 573.71 403.77
587.27 354.92 615.65 196.48
618.69 245.10 210.13 428.14
622.61 47.69 601.19 34.99
622.61 47.69 601.19 34.99
44.49 73.79 35.48 57.72
46.12 196.54 40.23 187.54
64.86 52.91 48.97 59.83
64.17 344.58 64.59 334.74
85.17 441.69 88.01 431.52
104.78 38.85 95.88 30.20
131.89 73.05 123.70 63.76
140.07 132.17 135.47 123.34
182.63 411.45 186.99 396.97
201.97 97.33 193.42 87.00
235.16 120.36 223.48 110.23
266.56 121.17 255.17 107.69
306.30 314.27 493.99 212.88
317.25 171.87 223.25 376.01
354.92 285.48 345.94 270.82
358.84 132.85 350.17 120.89
381.25 426.19 375.02 407.79
403.19 194.12 395.39 175.09
417.03 310.83 411.11 294.43
425.89 421.39 422.59 402.03
432.43 188.09 422.68 173.78
438.21 333.83 434.03 315.50
448.93 174.85 365.32 286.43
452.66 94.88 440.92 84.00
463.50 27.32 449.30 15.87
471.98 330.90 465.33 312.23
483.21 311.98 476.24 293.66
516.34 328.99 508.63 309.25
534.27 194.40 494.22 178.76
575.04 191.56 559.63 175.19
604.71 190.06 587.89 173.87
608.48 70.59 588.38 56.02
82.19 460.94 87.21 449.32
128.29 248.14 126.59 237.53
128.29 248.14 126.59 237.53
135.55 48.53 126.61 39.54
135.55 48.53 126.61 39.54
185.90 73.09 180.01 65.30
213.03 127.67 202.56 117.46
304.08 283.11 298.67 269.56
304.08 283.11 298.67 269.56
308.21 388.37 305.91 372.18
308.21 388.37 305.91 372.18
360.87 111.90 348.17 100.35
383.75 70.85 371.27 59.06
383.75 70.85 371.27 59.06
412.77 250.82 404.44 235.10
412.76 276.67 405.98 259.06
434.88 38.17 423.34 26.09
434.88 38.17 423.34 26.09
436.52 64.27 423.96 51.95
444.85 296.07 437.45 278.93
446.83 422.75 444.54 403.38
453.11 233.81 444.88 218.04
483.36 311.64 476.24 293.66
572.84 326.25 562.15 305.77
72.25 246.02 69.88 236.84
135.20 305.71 135.20 295.17
150.45 172.05 146.10 162.69
226.87 214.61 218.92 204.00
239.18 243.76 234.10 232.14
276.67 199.65 265.94 185.75
282.57 374.70 280.15 359.62
281.03 423.11 281.03 405.56
327.61 200.88 318.11 188.02
331.61 113.11 319.92 101.05
333.08 374.24 330.50 357.46
370.21 239.67 362.61 224.84
497.49 445.55 491.65 423.32
501.23 288.30 492.00 270.63
504.45 228.98 493.99 212.88
504.45 228.98 493.99 212.88
554.05 197.09 540.03 181.70
563.19 271.03 548.95 249.78
563.19 271.03 548.95 249.78
569.07 298.66 570.65 382.96
569.07 298.66 562.68 275.23
580.35 406.69 570.65 382.96
57.81 69.30 48.97 59.83
97.19 349.82 99.67 339.15
97.19 349.82 99.67 339.15
99.16 387.76 99.70 376.82
99.16 387.76 99.70 376.82
100.80 307.62 100.78 298.11
192.18 297.48 191.13 280.94
195.25 393.85 192.55 382.69
244.94 243.23 234.10 232.14
242.64 347.78 242.58 332.70
376.72 343.05 371.74 325.82
388.86 374.39 384.37 356.34
412.70 52.16 401.49 41.89
479.12 88.08 464.85 74.67
553.30 236.95 542.00 219.67
580.99 404.63 570.65 382.96
191.91 297.58 191.13 280.94
193.63 396.07 192.55 382.69
259.92 240.12 255.03 227.09
259.92 240.12 255.03 227.09
345.36 237.11 362.61 224.84
342.53 276.14 331.09 260.74
374.25 276.99 367.07 263.50
374.25 276.99 367.07 263.50
385.98 376.37 384.37 356.34
455.76 289.08 448.27 272.05
556.86 96.70 537.40 82.90
589.68 188.02 573.52 172.33
114.46 202.33 109.88 192.75
127.93 96.35 121.50 87.25
193.96 246.09 190.40 233.94
243.47 191.53 344.04 82.58
243.35 284.69 237.78 270.20
243.35 284.69 237.78 270.20
242.67 393.84 235.41 369.00
356.99 334.62 353.92 319.50
356.99 334.62 353.92 319.50
359.42 190.51 355.30 178.56
439.64 86.60 422.68 75.31
370.10 389.05 83.07 257.75
370.10 389.05 83.07 257.75
464.09 192.48 451.08 176.48
464.09 192.48 448.27 272.05
537.66 155.26 524.01 140.40
49.17 151.84 43.57 141.10
169.84 319.05 172.85 315.14
351.99 87.83 344.04 82.58
