475
28.60 389.33 589.99 364.06
45.49 475.85 188.72 469.15
58.34 79.15 89.83 252.82
84.56 454.77 89.83 252.82
119.54 121.64 84.12 316.44
161.00 252.71 202.16 117.73
182.72 254.12 216.62 115.71
184.29 241.88 398.08 47.22
208.76 254.05 398.08 47.22
210.29 77.92 589.24 232.25
219.14 367.56 323.35 330.12
222.22 342.81 219.31 223.65
225.58 378.14 218.71 202.59
229.53 138.25 251.35 66.48
231.18 122.38 254.58 54.91
231.47 205.65 218.71 202.59
232.51 69.51 542.58 34.35
232.47 198.08 218.71 202.59
233.59 338.45 449.73 142.81
235.66 174.83 218.71 202.59
241.12 381.28 317.09 368.17
254.10 281.55 286.50 44.55
255.78 270.14 424.91 164.19
257.60 256.82 426.62 152.70
259.19 303.38 258.90 196.73
260.01 238.99 428.82 138.17
261.64 225.07 430.37 126.88
262.87 215.24 424.91 164.19
270.81 93.98 479.59 104.15
270.96 349.86 287.32 202.08
274.75 219.31 554.45 116.84
277.78 58.16 45.28 408.99
285.11 316.17 634.96 309.91
286.32 326.25 479.59 104.15
289.84 383.68 460.56 269.88
294.05 463.71 218.71 202.59
301.45 465.20 309.10 416.88
311.04 365.11 157.21 235.41
312.07 455.08 310.78 391.27
318.64 83.94 583.55 276.02
328.19 84.29 186.04 217.78
330.18 62.67 194.77 160.20
333.80 332.10 582.78 214.13
341.81 332.36 582.78 214.13
342.61 307.47 398.08 47.22
345.20 278.23 425.68 265.26
345.52 257.18 535.32 318.51
348.40 352.42 620.62 471.69
350.78 213.93 535.32 318.51
351.29 332.47 582.78 214.13
362.90 332.78 582.78 214.13
365.80 127.81 322.03 149.97
384.40 176.18 538.15 124.17
384.78 226.70 464.87 104.71
391.54 190.68 387.71 102.72
394.73 153.87 627.20 61.18
399.73 225.17 591.02 199.40
403.47 283.59 460.61 468.28
406.92 290.54 347.15 44.79
412.55 115.17 583.55 276.02
418.18 334.18 582.78 214.13
420.94 24.76 605.40 99.00
421.98 199.52 337.40 40.82
422.49 446.49 496.26 343.74
426.93 66.42 13.48 265.68
431.81 114.36 425.03 36.24
438.26 284.53 423.25 173.67
438.26 284.53 423.25 173.67
439.27 269.75 428.82 138.17
439.27 269.75 428.82 138.17
439.82 258.60 426.62 152.70
441.32 236.28 428.82 138.17
442.73 211.13 428.82 138.17
442.73 211.13 428.82 138.17
443.96 7.15 373.21 404.63
443.86 275.81 432.96 143.55
445.21 251.66 178.79 200.41
456.13 35.97 380.85 210.71
459.43 275.79 449.73 142.81
468.72 448.10 320.20 43.05
479.13 89.44 424.00 408.91
489.69 214.29 380.14 145.66
492.87 368.04 275.12 74.78
499.13 27.87 567.89 218.77
499.72 180.43 566.40 445.03
508.49 216.31 211.60 296.22
510.14 450.02 202.16 117.73
511.28 27.44 415.44 53.06
518.83 27.83 226.85 319.77
534.14 373.88 512.12 254.91
534.14 373.88 512.12 254.91
533.71 401.99 510.27 279.93
534.29 414.29 510.19 292.01
544.15 416.02 520.07 291.41
544.69 312.95 522.42 193.51
545.35 360.77 522.46 249.82
544.69 366.89 522.46 249.82
546.22 209.97 526.63 110.37
547.15 220.24 527.01 119.14
547.15 220.24 527.01 119.14
547.19 237.26 511.52 262.48
547.98 127.84 525.05 155.09
548.77 52.22 527.01 119.14
548.77 52.22 564.97 293.29
548.76 136.96 387.71 102.72
552.27 75.94 267.32 26.00
554.59 302.47 532.19 183.85
555.02 314.04 532.28 193.86
555.02 314.04 532.28 193.86
555.23 447.69 385.73 216.11
556.78 135.11 624.28 50.91
558.18 308.43 536.35 190.20
558.04 401.73 535.01 279.71
559.47 465.15 542.20 399.39
563.44 404.13 539.98 282.95
565.11 283.69 414.35 407.94
565.41 372.53 542.40 254.16
568.01 298.72 545.74 181.13
568.01 298.72 617.47 424.06
569.67 52.50 551.90 402.82
574.81 243.47 385.72 237.47
580.69 199.39 558.41 101.44
580.61 297.02 557.65 178.82
590.30 389.82 566.76 268.83
595.54 226.28 537.26 331.99
600.12 385.52 625.01 29.16
600.72 346.20 501.90 235.68
601.74 59.74 623.67 332.55
604.10 263.95 261.72 185.02
608.07 438.23 457.85 123.13
609.40 473.94 600.00 342.54
624.22 175.55 524.69 223.11
625.83 464.92 275.21 253.49
627.21 67.12 636.28 441.79
632.96 326.97 603.79 197.68
632.64 397.47 608.89 276.05
633.80 408.10 279.90 119.32
637.90 189.43 623.67 332.55
637.30 276.40 261.72 185.02
61.32 72.45 108.85 96.91
66.89 315.89 12.81 416.18
102.71 416.19 108.85 96.91
104.72 445.96 154.76 80.60
112.80 237.89 36.65 210.38
122.25 329.00 84.12 316.44
136.39 99.99 199.87 9.00
162.67 434.36 133.05 221.89
163.34 299.05 425.56 243.04
175.29 303.16 187.80 201.55
177.21 331.79 241.26 345.10
177.99 277.01 194.06 179.87
180.94 193.52 207.37 120.70
185.81 306.96 196.26 202.93
195.94 123.99 227.12 58.93
197.75 196.28 574.69 205.13
198.50 157.94 226.05 91.71
198.79 174.60 529.30 423.01
214.90 412.31 45.96 317.99
219.35 167.96 343.94 35.06
219.21 374.91 323.35 330.12
221.97 276.69 225.97 178.57
233.25 94.38 258.90 196.73
236.18 408.39 227.76 289.93
241.50 116.08 263.04 49.28
242.61 145.24 621.44 316.08
244.74 154.08 261.96 80.86
251.47 114.79 271.67 47.49
259.43 263.91 263.98 166.36
259.43 263.91 263.98 166.36
264.14 433.71 262.28 342.61
268.36 381.96 488.50 309.28
275.01 104.54 377.57 456.50
283.16 74.76 253.38 298.11
293.12 312.55 287.32 202.08
293.15 425.31 292.49 341.67
294.69 110.31 380.76 155.15
300.69 208.60 574.24 18.21
312.86 134.88 259.04 70.97
322.12 304.29 253.38 298.11
323.53 246.58 322.03 149.97
330.83 145.81 337.29 73.78
334.48 216.19 334.32 125.86
333.94 458.05 341.23 407.94
335.67 355.05 324.00 247.05
336.76 105.68 343.94 35.06
336.85 326.64 464.87 104.71
353.28 207.48 351.12 118.55
355.12 96.78 327.10 267.49
358.48 21.55 380.09 398.12
357.90 459.62 390.43 380.73
363.71 189.51 207.37 120.70
365.03 295.95 356.19 186.40
367.55 225.59 441.90 118.04
369.39 77.55 263.04 49.28
381.16 214.02 441.90 118.04
382.59 351.56 333.96 172.19
385.88 105.99 384.78 34.39
388.50 264.42 266.14 330.65
397.26 28.81 603.79 197.68
398.57 225.17 574.82 138.71
402.18 133.03 225.97 178.57
412.90 328.78 464.87 104.71
416.74 30.43 599.00 93.41
418.82 130.58 412.93 52.73
423.62 108.72 419.11 32.54
427.14 44.68 609.69 356.93
442.05 225.03 426.62 152.70
442.05 225.03 423.25 173.67
443.06 447.29 464.87 104.71
446.64 244.47 432.96 143.55
458.79 109.77 451.70 41.44
460.86 290.88 443.46 178.81
462.33 218.01 356.12 150.49
465.07 250.63 541.59 23.81
468.96 63.16 292.69 236.70
490.33 34.27 492.64 267.08
492.15 22.68 545.74 181.13
500.46 189.37 484.41 98.28
501.35 393.21 409.59 401.54
514.22 421.32 626.05 288.98
514.01 197.52 493.02 100.57
516.81 280.55 496.83 167.47
538.12 53.50 518.43 93.26
538.48 331.73 515.43 209.71
539.55 394.46 516.06 274.12
545.41 387.95 522.13 268.15
546.71 264.60 525.05 155.09
547.04 456.29 530.97 389.88
556.05 367.28 533.24 250.48
556.46 421.97 356.35 172.12
558.85 289.85 273.65 133.50
560.97 377.06 538.05 258.70
562.34 298.72 540.10 432.22
562.34 298.72 538.96 180.86
569.22 308.48 546.20 188.73
571.66 122.82 214.82 131.54
575.32 301.54 552.59 182.85
575.24 396.70 551.71 276.25
576.57 259.30 384.78 34.39
580.58 139.43 308.71 262.35
580.94 183.47 560.32 91.24
589.71 114.59 420.57 7.10
595.34 321.06 571.83 198.55
599.05 329.24 278.00 236.45
609.19 391.02 621.44 316.08
610.30 69.84 425.03 36.24
614.20 118.16 577.48 381.81
614.20 118.16 617.47 424.06
615.25 444.08 391.13 465.95
625.22 22.91 600.00 342.54
637.00 180.10 589.94 80.65
18.18 430.23 59.41 141.86
39.43 335.72 442.88 67.96
55.19 11.19 53.31 12.21
57.86 460.74 63.76 439.33
57.69 472.35 116.48 470.15
111.91 432.11 90.32 433.31
112.82 311.71 90.32 433.31
126.79 360.11 98.37 67.60
139.46 201.95 176.83 60.33
143.70 381.25 155.76 310.95
159.58 461.48 89.83 252.82
168.87 280.53 186.47 183.72
178.50 158.23 210.08 95.84
180.33 424.11 220.65 379.64
185.21 272.34 199.28 176.18
197.64 115.21 227.39 51.91
199.27 100.16 194.06 179.87
207.58 116.44 362.06 14.93
212.52 92.05 336.81 57.89
218.86 238.10 322.89 172.82
240.76 335.89 238.73 228.21
253.07 152.07 270.24 81.84
262.06 404.68 253.38 298.11
263.61 232.40 271.47 142.41
263.61 232.40 271.47 142.41
264.85 187.08 212.69 231.15
270.84 121.32 287.79 52.76
279.94 241.02 283.30 150.09
281.33 111.15 380.14 145.66
282.58 301.84 279.58 193.93
282.58 301.84 279.58 193.93
291.05 232.77 293.45 141.27
293.41 13.40 53.31 12.21
293.10 425.44 292.49 341.67
295.46 241.16 298.23 149.74
299.06 344.64 292.69 236.70
300.61 153.98 310.36 82.23
302.15 97.35 386.65 145.26
307.45 221.09 309.80 132.88
325.84 380.54 265.76 381.37
328.94 112.00 337.40 40.82
334.41 168.44 339.17 89.70
338.52 345.05 464.87 104.71
343.03 467.92 345.72 420.96
355.34 143.90 443.46 178.81
356.84 345.26 225.97 178.57
361.33 134.81 384.30 127.14
361.33 134.81 241.26 345.10
361.69 247.82 461.48 59.49
367.98 256.16 360.15 156.14
369.52 240.53 283.30 150.09
370.90 181.78 468.13 91.66
372.67 20.63 304.33 131.75
393.14 272.04 386.65 145.26
394.68 256.02 574.82 138.71
395.08 240.78 386.65 145.26
398.56 92.48 386.65 145.26
401.76 206.68 489.71 109.20
411.61 447.55 374.24 155.55
413.78 364.99 397.48 250.80
418.04 142.79 414.06 66.08
430.34 116.32 425.03 36.24
434.23 264.29 420.33 158.17
434.34 198.16 423.45 107.47
436.80 205.86 425.60 113.83
436.79 347.18 464.87 104.71
443.13 354.54 425.56 243.04
444.93 69.19 439.53 12.79
447.11 180.06 315.64 308.28
447.69 245.99 432.96 143.55
460.02 62.82 428.73 442.96
463.94 28.47 415.44 53.06
470.19 130.56 461.48 59.49
478.80 197.95 464.87 104.71
481.32 181.01 468.13 91.66
482.31 466.31 619.01 67.92
483.65 365.97 603.79 197.68
486.56 130.60 497.89 338.38
496.53 197.83 479.59 104.15
496.72 231.72 479.70 130.06
496.72 231.72 554.45 116.84
497.53 61.38 464.87 104.71
504.80 349.61 385.72 237.47
506.56 205.03 489.71 109.20
510.26 146.30 382.56 18.34
523.98 185.71 507.13 95.40
527.23 451.95 278.00 236.45
528.85 195.52 508.46 101.91
534.84 203.79 516.48 106.35
600.27 101.37 618.89 466.61
604.69 340.02 479.08 464.30
611.31 45.01 288.20 330.38
619.15 358.28 432.96 143.55
639.35 254.52 624.01 412.99
102.05 145.06 86.70 173.31
151.07 404.55 34.98 233.38
161.47 269.13 181.53 176.53
168.79 220.97 197.72 130.53
171.30 204.91 202.16 117.73
178.62 158.39 210.08 95.84
183.96 195.34 209.47 120.40
203.57 149.88 231.53 83.14
218.85 101.11 441.90 118.04
230.27 146.36 244.48 80.91
255.38 122.67 382.56 18.34
259.83 112.75 271.67 47.49
263.70 220.17 273.65 133.50
275.61 390.45 478.43 451.09
280.53 423.06 278.04 335.05
280.53 423.06 278.04 335.05
299.48 344.72 292.69 236.70
319.06 62.99 411.36 194.90
370.79 181.00 411.36 194.90
406.09 197.43 399.84 107.96
430.19 116.76 423.49 38.85
440.96 131.48 433.67 54.71
471.31 70.79 483.19 414.96
470.47 183.95 459.12 93.12
491.76 79.82 557.28 138.65
491.62 241.23 472.95 139.60
490.94 350.61 385.72 237.47
497.30 139.47 574.82 138.71
498.13 8.71 484.41 98.28
504.05 79.48 386.65 145.26
531.65 292.23 510.10 176.06
534.25 68.18 518.70 9.79
534.35 145.79 510.10 176.06
542.65 297.20 520.62 180.28
573.53 108.32 513.45 241.62
595.45 261.32 572.43 156.38
610.35 460.92 564.57 22.84
614.54 330.74 356.19 186.40
626.63 149.24 600.67 45.85
626.63 149.24 580.59 465.47
20.78 233.87 8.57 140.72
154.05 460.31 136.68 444.08
177.82 469.57 206.65 458.12
188.40 260.41 204.55 167.21
191.02 236.71 207.46 149.25
191.02 236.71 207.46 149.25
197.25 137.57 228.94 70.16
206.36 184.67 228.89 111.17
206.60 236.60 568.36 320.26
217.78 423.56 537.26 331.99
256.83 275.94 261.24 176.33
292.52 291.92 288.95 185.89
307.86 443.37 359.99 426.73
344.11 379.12 327.10 267.49
365.33 120.88 367.18 45.33
372.22 219.62 367.20 128.25
392.12 218.62 384.30 127.14
392.12 218.62 384.30 127.14
420.34 298.20 403.77 186.93
430.66 80.64 426.19 13.46
439.73 107.41 539.23 390.13
462.00 96.22 455.04 30.44
469.62 219.22 457.85 123.13
494.19 277.22 471.48 165.17
497.62 218.09 482.96 121.43
507.95 454.05 479.59 104.15
513.33 193.43 493.02 100.57
533.80 340.28 479.08 464.30
533.80 340.28 479.08 464.30
542.61 280.88 520.84 167.17
563.63 107.50 411.36 194.90
628.68 388.65 577.16 328.56
78.39 389.43 45.28 408.99
90.86 352.22 70.91 338.82
199.51 302.53 343.94 35.06
262.45 449.01 226.85 319.77
275.43 206.26 281.28 122.32
277.65 377.26 267.49 265.68
283.80 277.11 281.56 175.66
323.29 155.51 330.67 83.23
333.06 233.08 333.09 137.46
347.98 248.63 345.28 150.51
348.51 106.38 351.35 36.18
355.77 395.28 574.69 205.13
392.29 465.24 380.09 398.12
544.11 322.85 521.27 201.72
562.56 342.61 443.46 178.81
569.95 236.34 207.46 149.25
573.18 265.38 207.46 149.25
592.92 236.85 570.93 134.25
594.82 439.58 532.28 193.86
626.71 40.58 310.90 4.82
92.17 353.84 70.91 338.82
162.56 308.05 536.09 326.72
249.52 150.10 267.35 81.91
259.05 348.44 538.05 258.70
273.69 203.47 279.90 119.32
289.00 104.30 310.78 37.86
323.46 156.81 330.67 83.23
455.25 129.77 604.84 103.40
574.73 217.63 554.45 116.84
585.23 401.14 562.21 277.50
613.58 404.07 343.25 69.36
54.49 29.76 54.10 35.95
236.38 130.09 258.25 60.66
236.38 130.09 258.25 60.66
418.94 279.11 404.89 169.60
454.21 374.33 431.09 258.94
510.98 315.59 491.55 197.92
526.50 139.42 511.26 59.02
522.95 281.32 502.52 168.47
572.32 293.25 550.21 176.81
64.88 434.48 82.53 448.26
159.60 146.46 420.33 158.17
218.45 317.40 530.97 389.88
228.63 67.11 225.84 38.95
329.68 130.10 336.81 57.89
329.68 130.10 336.81 57.89
341.61 274.60 333.96 172.19
361.33 368.53 345.71 257.11
420.89 129.57 415.44 53.06
420.89 129.57 415.44 53.06
460.90 372.28 469.38 364.46
512.94 173.93 498.05 87.76
592.44 183.88 576.88 88.95
412.21 178.62 408.68 93.23
185.59 356.62 211.60 296.22
337.83 175.70 334.62 93.47
430.55 249.21 315.64 308.28
263.91 390.47 226.85 319.77
