373
13.03 199.10 255.41 25.14
26.87 292.04 488.29 116.86
36.66 429.19 186.87 132.41
70.86 469.65 140.08 16.07
94.98 463.10 98.56 122.25
96.03 191.09 465.67 38.18
100.01 303.11 574.96 206.60
100.33 452.57 232.99 168.92
199.93 356.67 212.00 346.85
211.44 333.96 540.12 330.97
220.34 23.36 232.99 168.92
225.07 267.49 451.23 433.21
234.40 140.18 186.87 132.41
245.87 365.82 415.32 308.40
277.14 342.18 193.84 457.86
279.80 164.05 546.69 182.06
283.31 229.33 327.90 432.66
289.97 252.76 393.20 312.10
290.08 393.76 126.63 14.71
292.23 264.83 366.90 300.91
295.63 92.30 385.25 468.50
297.22 251.92 378.41 190.02
297.22 251.92 378.41 190.02
303.65 252.17 384.38 310.14
312.21 274.90 340.18 317.03
318.53 322.21 217.75 84.68
331.37 383.61 349.17 161.41
336.75 396.86 494.06 286.05
340.56 435.00 79.91 411.24
367.49 261.99 372.95 192.01
366.68 460.01 567.94 407.83
367.45 382.92 601.60 336.43
385.90 249.76 609.94 240.91
387.81 315.41 256.04 334.87
390.20 178.16 135.74 300.07
393.24 313.24 331.17 266.56
393.32 375.33 135.63 292.65
410.21 97.86 208.67 313.49
410.62 211.91 551.59 411.30
410.62 211.91 410.02 277.03
415.33 133.38 270.01 290.52
419.47 69.04 220.18 312.83
420.76 29.56 610.10 103.94
420.76 29.56 610.10 103.94
431.10 352.91 480.78 384.41
432.03 209.67 441.90 302.28
434.35 223.33 378.81 126.53
434.80 196.99 385.57 206.63
435.77 61.91 512.03 416.74
437.87 300.92 456.87 265.17
440.42 232.28 477.98 352.74
443.13 125.53 536.28 286.94
446.02 146.77 66.28 360.84
454.48 114.84 167.37 429.44
454.59 308.69 618.32 375.43
457.24 372.00 505.08 305.79
459.52 348.53 29.29 471.28
463.98 182.68 22.52 471.12
468.04 164.55 621.03 372.12
470.31 265.74 135.74 300.07
471.16 115.33 261.25 395.67
477.05 266.02 135.74 300.07
483.20 164.61 478.34 308.54
484.31 254.62 453.35 390.87
488.10 146.27 82.08 401.16
491.22 437.41 144.99 368.12
493.36 475.65 414.98 296.57
500.00 40.23 355.36 175.42
499.91 158.93 456.87 265.17
502.13 365.69 378.07 360.47
512.83 35.84 385.90 328.05
515.21 68.48 261.29 358.29
520.23 191.89 358.32 335.37
519.97 355.23 412.69 378.00
524.61 360.04 429.92 306.32
529.97 423.87 244.95 373.61
529.97 423.87 339.51 399.21
532.83 127.23 544.19 408.80
532.72 414.91 269.32 171.44
535.74 336.07 554.73 292.49
536.22 341.81 540.12 330.97
538.46 93.87 61.53 381.87
541.49 88.61 618.67 412.81
541.18 390.35 416.41 385.31
542.70 355.14 472.01 421.52
561.01 231.81 536.28 286.94
573.47 46.79 63.25 298.85
576.29 408.41 377.29 253.81
579.94 109.33 512.03 416.74
579.94 109.33 280.07 429.23
581.04 20.02 505.08 305.79
581.37 287.80 582.24 422.93
590.42 4.54 25.17 322.18
598.36 30.30 217.75 84.68
602.54 65.19 523.56 16.07
606.26 87.04 523.56 16.07
610.16 290.57 376.98 341.50
612.46 394.48 226.09 303.48
618.48 328.33 602.43 376.07
619.93 396.89 64.03 452.67
622.66 274.73 337.39 352.33
624.97 46.12 185.23 73.21
631.18 30.11 194.64 476.46
632.01 281.07 111.95 410.23
633.77 173.08 135.74 300.07
3.93 335.03 397.01 12.59
39.93 79.57 465.67 38.18
124.98 182.34 185.23 73.21
168.98 447.50 203.08 36.71
181.39 387.02 236.10 158.48
201.44 272.13 304.14 442.20
230.25 359.04 212.00 346.85
233.61 258.34 371.29 141.25
248.68 7.11 185.23 73.21
248.66 258.63 378.07 360.47
249.66 275.80 356.95 244.16
256.30 274.56 359.76 158.99
259.56 286.35 349.17 161.41
263.96 4.67 255.41 25.14
277.71 435.39 74.86 223.23
292.08 35.63 562.79 215.79
295.67 294.74 359.76 158.99
304.80 228.18 394.89 195.48
305.64 280.26 355.99 196.84
308.10 288.82 349.17 161.41
316.03 377.12 427.17 400.27
353.30 388.09 269.86 244.97
365.26 388.70 269.86 244.97
377.69 296.18 359.88 296.09
394.90 280.59 358.32 335.37
395.73 306.37 326.61 284.20
409.15 109.54 592.08 313.62
416.23 140.18 393.08 78.73
423.05 158.69 523.79 301.51
422.75 379.15 385.90 328.05
433.19 263.70 376.98 341.50
434.85 281.41 359.88 296.09
453.87 410.69 618.32 375.43
466.51 146.09 441.90 302.28
469.83 219.20 115.88 299.67
476.53 215.73 227.02 278.33
478.38 117.21 97.43 417.83
486.04 93.10 186.82 384.87
486.04 93.10 74.64 388.66
493.48 392.32 36.98 408.28
493.84 80.19 186.82 384.87
493.84 80.19 74.64 388.66
495.99 384.17 79.91 411.24
509.47 266.72 378.07 360.47
509.61 98.38 486.46 408.49
519.07 252.96 378.81 126.53
523.50 466.51 235.72 422.39
524.94 62.64 261.25 395.67
528.27 174.20 410.02 277.03
530.46 146.63 410.02 277.03
532.92 247.24 412.69 378.00
534.23 114.08 354.57 155.02
537.70 423.89 184.23 439.07
540.46 431.59 168.71 413.16
541.55 329.82 347.26 400.05
542.18 29.01 512.03 416.74
541.95 205.84 505.08 305.79
543.28 232.37 494.06 286.05
545.76 212.49 412.69 378.00
563.18 470.33 369.82 99.07
564.22 401.06 270.01 290.52
569.54 419.57 521.43 438.86
571.33 108.87 512.03 416.74
576.56 175.63 513.32 447.35
582.13 332.79 335.06 409.71
584.17 458.93 238.59 413.79
586.45 264.50 393.98 158.33
587.87 231.08 610.62 384.94
606.84 136.22 363.86 185.36
611.36 200.71 580.08 269.70
622.08 456.74 244.23 444.81
625.01 425.09 517.51 293.52
628.38 270.37 52.08 394.56
629.19 328.79 238.84 348.15
629.48 397.33 257.78 447.93
631.68 351.42 295.61 395.83
10.46 319.00 264.81 22.94
27.44 21.11 562.79 215.79
40.38 132.22 74.44 102.10
92.18 152.35 485.08 140.04
102.48 165.22 562.79 215.79
144.97 298.73 236.10 158.48
176.19 21.03 488.29 116.86
175.67 210.89 393.08 78.73
198.87 447.23 488.29 116.86
200.34 140.50 255.41 25.14
201.48 372.01 477.99 253.10
206.83 244.85 378.62 119.71
249.19 170.13 562.79 215.79
262.86 231.22 422.09 295.03
277.66 426.65 236.10 158.48
317.52 240.25 385.57 206.63
317.52 240.25 385.57 206.63
317.87 473.43 6.51 463.19
327.63 323.72 279.33 437.60
354.25 374.63 558.44 435.95
383.50 5.66 547.55 324.35
394.82 281.22 358.32 335.37
433.60 13.99 491.84 303.92
439.23 149.70 378.07 360.47
446.57 264.25 378.07 360.47
453.19 195.97 441.90 302.28
454.89 250.15 384.38 310.14
454.57 446.79 208.67 313.49
457.44 236.76 393.20 312.10
458.84 30.75 593.09 335.99
463.24 117.15 221.11 429.54
465.86 48.36 186.82 384.87
480.06 48.37 186.82 384.87
481.71 24.52 347.14 200.84
481.71 24.52 602.43 376.07
488.76 115.07 483.47 337.10
492.14 133.53 359.74 461.18
496.19 210.19 378.41 190.02
496.63 287.88 359.88 296.09
502.61 168.85 378.78 442.68
514.59 198.28 493.67 391.07
517.52 95.90 316.16 362.47
528.93 204.03 410.02 277.03
551.07 429.52 172.41 449.26
557.98 275.90 612.93 295.66
568.54 79.91 111.95 410.23
573.86 441.60 5.97 393.11
587.08 64.08 363.86 185.36
591.14 310.10 256.04 334.87
591.43 19.55 239.33 324.04
603.63 36.10 186.87 132.41
615.12 447.53 97.43 417.83
615.12 447.53 420.65 379.26
618.20 62.32 586.20 148.45
620.14 437.95 235.27 378.59
624.58 34.86 621.03 372.12
627.04 100.15 63.25 298.85
6.92 92.99 523.56 16.07
13.27 172.97 620.64 12.55
52.38 289.56 74.44 102.10
100.88 77.54 74.44 102.10
164.60 271.21 283.51 113.19
186.01 212.01 393.08 78.73
184.00 263.65 364.59 111.21
184.88 337.02 302.80 105.38
194.50 363.13 283.51 113.19
194.50 363.13 283.51 113.19
203.14 72.69 186.87 132.41
212.75 367.28 452.78 331.60
218.22 264.24 365.44 129.13
220.30 322.64 590.21 185.69
221.53 400.24 243.65 239.47
228.72 289.11 345.14 137.13
235.41 103.90 488.29 116.86
240.92 40.85 485.08 140.04
245.45 415.75 567.99 225.18
256.98 381.69 345.14 137.13
269.86 240.13 385.73 167.81
269.86 240.13 385.57 206.63
277.29 471.15 586.20 148.45
282.30 161.49 562.79 215.79
314.70 230.97 392.93 202.98
366.18 120.59 477.99 253.10
376.83 329.31 446.27 451.00
378.45 283.64 357.10 253.59
403.95 36.76 115.88 299.67
415.80 26.68 79.72 450.37
416.15 235.27 392.76 280.65
436.41 73.65 336.02 345.18
441.80 6.61 98.11 476.60
448.55 263.71 378.07 360.47
456.18 401.16 592.08 313.62
471.45 30.64 270.01 290.52
471.19 137.18 436.29 298.21
486.13 126.32 488.31 304.51
494.65 264.34 376.98 341.50
497.64 454.75 76.25 367.57
497.84 304.36 618.32 375.43
501.19 50.17 40.25 355.99
510.46 368.53 633.33 404.65
522.62 80.75 114.33 360.49
550.48 361.31 606.91 433.49
563.40 152.90 203.08 36.71
576.35 26.73 265.08 214.22
632.12 331.25 156.76 436.15
636.85 89.45 194.64 476.46
77.58 295.02 60.22 206.00
94.32 435.65 528.50 149.07
123.55 81.71 175.98 157.00
161.20 175.68 182.24 145.90
177.29 439.88 105.14 156.49
365.47 242.51 555.39 327.11
365.65 394.20 265.08 214.22
389.28 243.89 387.03 265.96
392.24 113.25 467.86 260.23
392.24 113.25 467.86 260.23
398.53 127.24 456.87 265.17
418.95 322.81 193.45 450.86
422.62 352.60 300.97 288.60
427.49 218.79 208.67 313.49
430.57 260.95 376.98 341.50
434.41 185.56 422.09 295.03
440.61 273.71 366.90 300.91
463.23 169.30 434.29 316.90
475.30 178.61 433.52 328.69
481.42 151.22 354.57 155.02
490.06 165.15 401.14 433.18
525.55 404.76 349.17 161.41
547.77 430.20 329.23 359.58
591.99 236.63 612.05 406.32
601.12 440.53 254.81 353.64
605.55 293.96 550.25 384.91
24.42 213.66 457.78 23.02
72.67 183.82 485.42 66.70
113.35 434.57 162.17 70.06
224.31 48.61 74.44 102.10
237.91 460.45 11.30 261.02
248.10 441.12 236.10 158.48
280.98 253.24 135.74 300.07
334.60 355.58 364.59 111.21
348.28 338.80 326.46 441.21
349.94 257.44 135.63 292.65
374.66 111.51 468.11 246.94
374.66 111.51 468.11 246.94
378.31 257.18 377.29 253.81
387.87 227.75 551.97 452.73
402.47 378.79 270.79 272.12
402.47 378.79 269.86 244.97
434.42 21.14 491.84 303.92
459.55 302.50 546.69 182.06
504.51 277.40 366.90 300.91
511.36 245.58 389.01 353.71
519.86 261.81 378.07 360.47
523.49 224.73 544.59 268.44
530.78 54.76 542.49 276.35
552.46 233.78 53.68 408.63
566.39 425.38 284.84 404.51
78.74 203.76 585.73 54.95
142.20 201.48 340.18 317.03
148.72 250.85 294.50 99.65
182.25 342.97 294.50 99.65
238.03 460.46 11.30 261.02
276.91 333.27 503.38 423.10
305.61 37.00 451.08 273.46
349.27 338.14 326.46 441.21
441.25 275.49 262.23 264.00
466.22 24.42 594.34 353.23
487.69 297.88 593.09 335.99
549.81 80.21 186.87 132.41
574.53 238.41 610.10 103.94
619.01 180.22 386.33 454.65
74.80 393.28 546.69 182.06
296.98 315.71 323.82 199.30
365.08 460.65 243.65 239.47
600.90 333.41 254.98 331.60
600.69 364.27 518.13 361.20
600.69 364.27 518.13 361.20
214.69 247.04 377.43 126.14
248.75 279.48 354.57 155.02
276.42 376.44 277.16 179.28
306.44 409.58 135.63 292.65
327.17 381.61 533.16 280.87
568.69 378.72 236.56 429.78
604.18 420.07 602.60 109.45
65.69 357.69 126.63 14.71
245.70 321.01 305.49 151.00
245.70 321.01 312.18 151.22
399.52 74.58 505.98 273.99
415.90 245.17 386.11 283.93
601.18 139.45 579.56 3.03
278.67 370.39 277.16 179.28
508.07 240.24 420.65 379.26
